0 0.6703125 0.48863636363636365 0.0984375 0.09375
0 0.21796875 0.7911931818181818 0.2171875 0.28125
0 0.43203125 0.2784090909090909 0.125 0.09090909090909091
0 0.7484375 0.6235795454545454 0.109375 0.11647727272727272
0 0.30390625 0.3380681818181818 0.2140625 0.14772727272727273
0 0.515625 0.24857954545454544 0.05625 0.03977272727272727
0 0.10546875 0.5426136363636364 0.0984375 0.15056818181818182
0 0.61875 0.2883522727272727 0.084375 0.07386363636363637
0 0.87109375 0.625 0.121875 0.125
0 0.7203125 0.4133522727272727 0.0828125 0.07954545454545454
0 0.484375 0.44886363636363635 0.0984375 0.08806818181818182