0 0.66875 0.46732954545454547 0.096875 0.08238636363636363
0 0.2296875 0.8252840909090909 0.209375 0.2556818181818182
0 0.4234375 0.2869318181818182 0.1234375 0.07670454545454546
0 0.753125 0.5923295454545454 0.10625 0.10511363636363637
0 0.2984375 0.36363636363636365 0.2109375 0.12215909090909091
0 0.50546875 0.2471590909090909 0.0546875 0.03125
0 0.1078125 0.5923295454545454 0.09375 0.14204545454545456
0 0.61015625 0.2741477272727273 0.0828125 0.06534090909090909
0 0.875 0.578125 0.11875 0.11079545454545454
0 0.71640625 0.3849431818181818 0.08125 0.07102272727272728
0 0.4828125 0.4502840909090909 0.096875 0.07670454545454546