0 0.66484375 0.4247159090909091 0.096875 0.08238636363636363
0 0.25625 0.8806818181818182 0.209375 0.23863636363636365
0 0.40859375 0.30823863636363635 0.1234375 0.07670454545454546
0 0.75703125 0.5269886363636364 0.10625 0.10511363636363637
0 0.28984375 0.4161931818181818 0.2109375 0.12215909090909091
0 0.48671875 0.24857954545454544 0.0546875 0.03125
0 0.11875 0.6903409090909091 0.09375 0.14204545454545456
0 0.5921875 0.24857954545454544 0.0828125 0.06534090909090909
0 0.87734375 0.4815340909090909 0.11875 0.11079545454545454
0 0.70546875 0.3309659090909091 0.08125 0.07102272727272728
0 0.47890625 0.4559659090909091 0.096875 0.07670454545454546