0 0.65703125 0.3934659090909091 0.096875 0.08806818181818182
0 0.290625 0.45738636363636365 0.228125 0.17329545454545456
0 0.39921875 0.33238636363636365 0.1328125 0.10511363636363637
0 0.275 0.9090909090909091 0.23125 0.18181818181818182
0 0.8875 0.4190340909090909 0.1296875 0.13068181818181818
0 0.76328125 0.4928977272727273 0.1109375 0.1278409090909091
0 0.696875 0.296875 0.0859375 0.07670454545454546
0 0.4703125 0.2528409090909091 0.0609375 0.04261363636363636
0 0.11953125 0.7769886363636364 0.1109375 0.16761363636363635
0 0.5765625 0.234375 0.0859375 0.07670454545454546
0 0.47578125 0.46732954545454547 0.1 0.09659090909090909