0 0.6546875 0.3835227272727273 0.0984375 0.09375
0 0.28984375 0.4715909090909091 0.2296875 0.1846590909090909
0 0.39609375 0.3380681818181818 0.1328125 0.11363636363636363
0 0.2828125 0.9133522727272727 0.234375 0.17329545454545456
0 0.8859375 0.39488636363636365 0.1296875 0.13920454545454544
0 0.7625 0.4758522727272727 0.1125 0.13352272727272727
0 0.69296875 0.28551136363636365 0.0859375 0.07954545454545454
0 0.465625 0.25426136363636365 0.0609375 0.048295454545454544
0 0.125 0.8011363636363636 0.1125 0.17329545454545456
0 0.571875 0.23011363636363635 0.0875 0.08238636363636363
0 0.475 0.46875 0.1 0.10227272727272728