0 0.66640625 0.4758522727272727 0.0953125 0.07954545454545454
0 0.30546875 0.35511363636363635 0.2265625 0.14488636363636365
0 0.428125 0.2883522727272727 0.13125 0.09090909090909091
0 0.2140625 0.8309659090909091 0.225 0.26136363636363635
0 0.88515625 0.6164772727272727 0.1265625 0.11647727272727272
0 0.75390625 0.625 0.1078125 0.11647727272727272
0 0.71953125 0.4034090909090909 0.084375 0.06534090909090909
0 0.509375 0.2471590909090909 0.0609375 0.036931818181818184
0 0.0921875 0.5752840909090909 0.10625 0.15625
0 0.6140625 0.2840909090909091 0.0859375 0.06534090909090909
0 0.48125 0.45738636363636365 0.0984375 0.08522727272727272