0 0.40390625 0.3210227272727273 0.1328125 0.07670454545454546
0 0.28359375 0.4346590909090909 0.24375 0.13920454545454544
0 0.67421875 0.45170454545454547 0.096875 0.08238636363636363
0 0.2234375 0.9346590909090909 0.234375 0.13068181818181818
0 0.778125 0.5866477272727273 0.1140625 0.10795454545454546
0 0.71484375 0.3565340909090909 0.0734375 0.05965909090909091
0 0.9078125 0.5355113636363636 0.128125 0.11647727272727272
0 0.48203125 0.2585227272727273 0.0609375 0.03125
0 0.5203125 0.22443181818181818 0.065625 0.028409090909090908
0 0.0765625 0.75 0.1171875 0.17329545454545456
0 0.59453125 0.2571022727272727 0.0890625 0.056818181818181816
0 0.475 0.4786931818181818 0.09375 0.07670454545454546