0 0.3875 0.35795454545454547 0.1359375 0.11931818181818182
0 0.28046875 0.5113636363636364 0.2484375 0.21875
0 0.665625 0.39204545454545453 0.1015625 0.11363636363636363
0 0.2765625 0.9602272727272727 0.24375 0.07954545454545454
0 0.78203125 0.48863636363636365 0.121875 0.14488636363636365
0 0.69609375 0.2840909090909091 0.078125 0.08238636363636363
0 0.90390625 0.3934659090909091 0.1359375 0.15625
0 0.45703125 0.2684659090909091 0.0625 0.05113636363636364
0 0.49140625 0.2215909090909091 0.065625 0.05113636363636364
0 0.11015625 0.8920454545454546 0.13125 0.20738636363636365
0 0.5671875 0.22869318181818182 0.090625 0.08522727272727272
0 0.4734375 0.48863636363636365 0.096875 0.10795454545454546