0 0.6578125 0.37357954545454547 0.109375 0.13352272727272727
0 0.3796875 0.3806818181818182 0.1375 0.13920454545454544
0 0.2796875 0.5511363636363636 0.2609375 0.2585227272727273
0 0.7921875 0.4446022727272727 0.1328125 0.17045454545454544
0 0.4453125 0.27698863636363635 0.0625 0.0625
0 0.4765625 0.22585227272727273 0.0640625 0.056818181818181816
0 0.91015625 0.3309659090909091 0.1390625 0.16761363636363635
0 0.68828125 0.25426136363636365 0.0890625 0.10227272727272728
0 0.1265625 0.9332386363636364 0.1375 0.13352272727272727
0 0.553125 0.22301136363636365 0.090625 0.09943181818181818
0 0.4703125 0.5127840909090909 0.0984375 0.125