0 0.671875 0.47301136363636365 0.1 0.07954545454545454
0 0.40703125 0.3153409090909091 0.1328125 0.06534090909090909
0 0.2828125 0.4190340909090909 0.253125 0.11647727272727272
0 0.78671875 0.6207386363636364 0.1203125 0.10511363636363637
0 0.2140625 0.9403409090909091 0.1921875 0.11931818181818182
0 0.48828125 0.2571022727272727 0.0609375 0.02556818181818182
0 0.5265625 0.22727272727272727 0.0640625 0.022727272727272728
0 0.91875 0.5823863636363636 0.1296875 0.09659090909090909
0 0.72265625 0.37926136363636365 0.084375 0.056818181818181816
0 0.0609375 0.7357954545454546 0.1140625 0.17329545454545456
0 0.6 0.2684659090909091 0.0859375 0.05113636363636364
0 0.46953125 0.4943181818181818 0.090625 0.07670454545454546