0 0.6703125 0.45170454545454547 0.103125 0.09090909090909091
0 0.4 0.328125 0.134375 0.08238636363636363
0 0.28046875 0.4460227272727273 0.2578125 0.14772727272727273
0 0.790625 0.5838068181818182 0.125 0.12215909090909091
0 0.23125 0.9517045454545454 0.196875 0.09659090909090909
0 0.47890625 0.2585227272727273 0.0625 0.03409090909090909
0 0.51640625 0.22443181818181818 0.0640625 0.028409090909090908
0 0.9203125 0.5298295454545454 0.1328125 0.11079545454545454
0 0.7171875 0.3508522727272727 0.0859375 0.06818181818181818
0 0.07109375 0.7911931818181818 0.1203125 0.1846590909090909
0 0.59140625 0.2571022727272727 0.0875 0.0625
0 0.46953125 0.49857954545454547 0.09375 0.08806818181818182