0 0.78359375 0.7414772727272727 0.1421875 0.15625
0 0.2828125 0.36079545454545453 0.2640625 0.20170454545454544
0 0.68203125 0.5440340909090909 0.109375 0.10511363636363637
0 0.42421875 0.2997159090909091 0.14375 0.11363636363636363
0 0.5125 0.26136363636363635 0.059375 0.045454545454545456
0 0.5515625 0.24147727272727273 0.0671875 0.03977272727272727
0 0.04609375 0.6278409090909091 0.0921875 0.21022727272727273
0 0.734375 0.4616477272727273 0.084375 0.07386363636363637
0 0.62109375 0.3053977272727273 0.0859375 0.06818181818181818
0 0.92109375 0.7372159090909091 0.134375 0.14488636363636365
0 0.478125 0.5042613636363636 0.1125 0.11647727272727272