0 0.8109375 0.5610795454545454 0.140625 0.1534090909090909
0 0.26953125 0.4971590909090909 0.2640625 0.19318181818181818
0 0.6796875 0.43323863636363635 0.109375 0.09943181818181818
0 0.39296875 0.35511363636363635 0.14375 0.11079545454545454
0 0.46953125 0.26704545454545453 0.059375 0.04261363636363636
0 0.50234375 0.22585227272727273 0.0671875 0.03977272727272727
0 0.08125 0.8977272727272727 0.11875 0.20454545454545456
0 0.71484375 0.3252840909090909 0.084375 0.07102272727272728
0 0.5796875 0.24431818181818182 0.0859375 0.06534090909090909
0 0.93671875 0.47301136363636365 0.1265625 0.13920454545454544
0 0.48046875 0.5170454545454546 0.1125 0.11363636363636363