0 0.75859375 0.8196022727272727 0.146875 0.1903409090909091
0 0.296875 0.30113636363636365 0.2640625 0.26704545454545453
0 0.67578125 0.5951704545454546 0.1109375 0.13068181818181818
0 0.44296875 0.27982954545454547 0.14375 0.15056818181818182
0 0.5328125 0.2684659090909091 0.059375 0.05965909090909091
0 0.57265625 0.2599431818181818 0.065625 0.056818181818181816
0 0.04609375 0.4943181818181818 0.0921875 0.23295454545454544
0 0.73515625 0.5284090909090909 0.084375 0.09375
0 0.63671875 0.34232954545454547 0.0859375 0.09090909090909091
0 0.8953125 0.8536931818181818 0.1375 0.17329545454545456
0 0.478125 0.49857954545454547 0.115625 0.14204545454545456