0 0.7828125 0.8551136363636364 0.153125 0.20738636363636365
0 0.26796875 0.3196022727272727 0.2125 0.23011363636363635
0 0.69375 0.6207386363636364 0.1171875 0.14204545454545456
0 0.4390625 0.2997159090909091 0.146875 0.14488636363636365
0 0.7515625 0.5397727272727273 0.096875 0.10227272727272728
0 0.64921875 0.4275568181818182 0.0703125 0.07954545454545454
0 0.91015625 0.8664772727272727 0.109375 0.16193181818181818
0 0.528125 0.2755681818181818 0.071875 0.06818181818181818
0 0.0375 0.5625 0.075 0.23295454545454544
0 0.64296875 0.35511363636363635 0.0953125 0.09659090909090909
0 0.47421875 0.5241477272727273 0.1078125 0.13636363636363635