0 0.78671875 0.8465909090909091 0.1515625 0.20454545454545456
0 0.26640625 0.32670454545454547 0.2125 0.22443181818181818
0 0.6953125 0.6150568181818182 0.1171875 0.13920454545454544
0 0.43671875 0.30113636363636365 0.146875 0.14204545454545456
0 0.7515625 0.53125 0.096875 0.09943181818181818
0 0.6484375 0.42329545454545453 0.0703125 0.07954545454545454
0 0.91328125 0.8536931818181818 0.109375 0.1590909090909091
0 0.52578125 0.2755681818181818 0.071875 0.06534090909090909
0 0.0375 0.578125 0.075 0.23011363636363635
0 0.64140625 0.3508522727272727 0.0953125 0.09375
0 0.47421875 0.5241477272727273 0.10625 0.13352272727272727