0 0.8078125 0.7798295454545454 0.146875 0.17897727272727273
0 0.25625 0.37926136363636365 0.209375 0.1846590909090909
0 0.7015625 0.5710227272727273 0.1140625 0.11647727272727272
0 0.42421875 0.31676136363636365 0.146875 0.11363636363636363
0 0.7515625 0.4758522727272727 0.096875 0.07954545454545454
0 0.6421875 0.390625 0.06875 0.06534090909090909
0 0.93359375 0.7599431818181818 0.103125 0.14204545454545456
0 0.5109375 0.2713068181818182 0.0703125 0.05113636363636364
0 0.0390625 0.6846590909090909 0.078125 0.2159090909090909
0 0.63046875 0.3210227272727273 0.0953125 0.07670454545454546
0 0.47578125 0.5298295454545454 0.103125 0.11647727272727272