0 0.26953125 0.4005681818181818 0.23125 0.1846590909090909
0 0.82734375 0.8380681818181818 0.1375 0.13068181818181818
0 0.71328125 0.5909090909090909 0.1234375 0.11931818181818182
0 0.42734375 0.32670454545454547 0.14375 0.11931818181818182
0 0.759375 0.4914772727272727 0.096875 0.08238636363636363
0 0.9390625 0.7840909090909091 0.09375 0.15056818181818182
0 0.51953125 0.2840909090909091 0.0640625 0.048295454545454544
0 0.52421875 0.19886363636363635 0.0484375 0.03409090909090909
0 0.03671875 0.703125 0.0734375 0.21306818181818182
0 0.634375 0.328125 0.1015625 0.08238636363636363
0 0.48359375 0.5454545454545454 0.115625 0.14204545454545456