0 0.26484375 0.4602272727272727 0.225 0.13068181818181818
0 0.85 0.7514204545454546 0.1328125 0.09943181818181818
0 0.71796875 0.5355113636363636 0.11875 0.09090909090909091
0 0.41484375 0.3465909090909091 0.1390625 0.08522727272727272
0 0.75625 0.42613636363636365 0.0921875 0.0625
0 0.95625 0.6704545454545454 0.0859375 0.13068181818181818
0 0.50234375 0.28125 0.0625 0.03409090909090909
0 0.50078125 0.19602272727272727 0.0484375 0.022727272727272728
0 0.04296875 0.8210227272727273 0.0859375 0.19318181818181818
0 0.6203125 0.29545454545454547 0.0984375 0.05965909090909091
0 0.48671875 0.5497159090909091 0.109375 0.11647727272727272