0 0.2640625 0.5340909090909091 0.23125 0.1846590909090909
0 0.86875 0.6377840909090909 0.1375 0.13068181818181818
0 0.71875 0.4659090909090909 0.1234375 0.11931818181818182
0 0.4015625 0.37642045454545453 0.14375 0.11931818181818182
0 0.7453125 0.3465909090909091 0.096875 0.08238636363636363
0 0.959375 0.5213068181818182 0.08125 0.15056818181818182
0 0.48203125 0.2840909090909091 0.0640625 0.048295454545454544
0 0.471875 0.2002840909090909 0.0484375 0.03409090909090909
0 0.07890625 0.9275568181818182 0.1046875 0.14488636363636365
0 0.59921875 0.26136363636363635 0.1015625 0.08238636363636363
0 0.4921875 0.5525568181818182 0.115625 0.14204545454545456