0 0.78046875 0.9616477272727273 0.1359375 0.07670454545454546
0 0.271875 0.2869318181818182 0.2015625 0.2585227272727273
0 0.45234375 0.3039772727272727 0.15625 0.18181818181818182
0 0.6875 0.7059659090909091 0.134375 0.1846590909090909
0 0.75859375 0.6292613636363636 0.1015625 0.125
0 0.55625 0.3068181818181818 0.065625 0.07386363636363637
0 0.5984375 0.30823863636363635 0.071875 0.07386363636363637
0 0.88828125 0.9559659090909091 0.0890625 0.08806818181818182
0 0.03046875 0.484375 0.0609375 0.22443181818181818
0 0.65703125 0.4034090909090909 0.096875 0.11647727272727272
0 0.475 0.5497159090909091 0.1140625 0.16761363636363635