0 0.85 0.8394886363636364 0.1328125 0.11363636363636363
0 0.24765625 0.4161931818181818 0.1953125 0.17045454545454544
0 0.4234375 0.3380681818181818 0.1546875 0.11079545454545454
0 0.7125 0.5965909090909091 0.128125 0.13068181818181818
0 0.76796875 0.48579545454545453 0.0984375 0.08238636363636363
0 0.52265625 0.28551136363636365 0.065625 0.04261363636363636
0 0.56328125 0.26420454545454547 0.075 0.036931818181818184
0 0.9515625 0.7698863636363636 0.0734375 0.14488636363636365
0 0.034375 0.7485795454545454 0.06875 0.19602272727272727
0 0.634375 0.32386363636363635 0.096875 0.07386363636363637
0 0.484375 0.5610795454545454 0.1046875 0.12215909090909091