0 0.784375 0.9744318181818182 0.1375 0.05113636363636364
0 0.4546875 0.30823863636363635 0.1546875 0.18181818181818182
0 0.2703125 0.29261363636363635 0.225 0.2840909090909091
0 0.690625 0.7130681818181818 0.121875 0.16761363636363635
0 0.55703125 0.30823863636363635 0.0671875 0.07670454545454546
0 0.5984375 0.3096590909090909 0.071875 0.07386363636363637
0 0.8890625 0.9673295454545454 0.078125 0.06534090909090909
0 0.02265625 0.48863636363636365 0.0453125 0.19886363636363635
0 0.7625 0.6448863636363636 0.0953125 0.1278409090909091
0 0.66953125 0.421875 0.1171875 0.13920454545454544
0 0.475 0.5596590909090909 0.1171875 0.17045454545454544