0 0.903125 0.6463068181818182 0.134375 0.13920454545454544
0 0.403125 0.390625 0.1546875 0.13068181818181818
0 0.24609375 0.5696022727272727 0.221875 0.21022727272727273
0 0.7234375 0.4758522727272727 0.1171875 0.13068181818181818
0 0.4859375 0.2840909090909091 0.06875 0.05397727272727273
0 0.52109375 0.24147727272727273 0.075 0.048295454545454544
0 0.97265625 0.5071022727272727 0.0546875 0.1278409090909091
0 0.08203125 0.9630681818181818 0.0859375 0.07386363636363637
0 0.7609375 0.34375 0.09375 0.09659090909090909
0 0.6140625 0.2599431818181818 0.1171875 0.09659090909090909
0 0.4984375 0.5752840909090909 0.1125 0.13636363636363635