0 0.9 0.671875 0.1328125 0.13352272727272727
0 0.4046875 0.3835227272727273 0.1546875 0.11931818181818182
0 0.2453125 0.5525568181818182 0.221875 0.19602272727272727
0 0.7234375 0.4900568181818182 0.1171875 0.125
0 0.48984375 0.28267045454545453 0.0671875 0.05113636363636364
0 0.52578125 0.24289772727272727 0.075 0.04261363636363636
0 0.97265625 0.5369318181818182 0.0546875 0.125
0 0.071875 0.9502840909090909 0.084375 0.09943181818181818
0 0.76328125 0.36079545454545453 0.09375 0.09090909090909091
0 0.61875 0.26704545454545453 0.1171875 0.09090909090909091
0 0.496875 0.5752840909090909 0.1109375 0.13068181818181818