0 0.796875 0.8039772727272727 0.178125 0.17613636363636365
0 0.175 0.6036931818181818 0.3484375 0.26704545454545453
0 0.43125 0.8224431818181818 0.2296875 0.26136363636363635
0 0.4828125 0.3068181818181818 0.0671875 0.04261363636363636
0 0.38125 0.4034090909090909 0.1875 0.1278409090909091
0 0.45078125 0.2372159090909091 0.0609375 0.028409090909090908
0 0.53125 0.2627840909090909 0.075 0.02556818181818182
0 0.653125 0.4559659090909091 0.0921875 0.06818181818181818
0 0.48203125 0.19460227272727273 0.0671875 0.028409090909090908
0 0.38359375 0.19602272727272727 0.0515625 0.03125
0 0.63203125 0.33948863636363635 0.1140625 0.08522727272727272
0 0.85234375 0.5909090909090909 0.1296875 0.13068181818181818
0 0.32109375 0.24573863636363635 0.1 0.06534090909090909