0 0.8171875 0.7258522727272727 0.1875 0.20738636363636365
0 0.18671875 0.6846590909090909 0.3609375 0.33238636363636365
0 0.45703125 0.8366477272727273 0.2421875 0.30113636363636365
0 0.46875 0.31392045454545453 0.06875 0.05397727272727273
0 0.375 0.4346590909090909 0.19375 0.16193181818181818
0 0.43125 0.2528409090909091 0.0625 0.03977272727272727
0 0.5125 0.2571022727272727 0.075 0.03977272727272727
0 0.6484375 0.41761363636363635 0.0953125 0.08522727272727272
0 0.45859375 0.20170454545454544 0.0671875 0.04261363636363636
0 0.36171875 0.22869318181818182 0.053125 0.03977272727272727
0 0.61796875 0.3068181818181818 0.1171875 0.10511363636363637
0 0.85546875 0.5014204545454546 0.1359375 0.1534090909090909
0 0.303125 0.2940340909090909 0.1015625 0.08238636363636363