0 0.8046875 0.7741477272727273 0.1796875 0.18181818181818182
0 0.17890625 0.6349431818181818 0.3515625 0.2784090909090909
0 0.440625 0.828125 0.23125 0.26704545454545453
0 0.47734375 0.3096590909090909 0.0671875 0.045454545454545456
0 0.37890625 0.4147727272727273 0.1890625 0.13352272727272727
0 0.44375 0.24289772727272727 0.0609375 0.028409090909090908
0 0.52421875 0.26136363636363635 0.075 0.028409090909090908
0 0.6515625 0.44176136363636365 0.09375 0.07102272727272728
0 0.4734375 0.19602272727272727 0.0671875 0.03125
0 0.375 0.20738636363636365 0.0515625 0.03409090909090909
0 0.6265625 0.32670454545454547 0.1140625 0.08806818181818182
0 0.85390625 0.5582386363636364 0.1296875 0.13352272727272727
0 0.3140625 0.26420454545454547 0.1 0.06818181818181818