0 0.23359375 0.7997159090909091 0.3828125 0.4005681818181818
0 0.85625 0.5696022727272727 0.2171875 0.3096590909090909
0 0.359375 0.5198863636363636 0.21875 0.26420454545454547
0 0.52421875 0.8323863636363636 0.2703125 0.3352272727272727
0 0.43671875 0.3465909090909091 0.0859375 0.09943181818181818
0 0.478125 0.2727272727272727 0.0828125 0.08238636363636363
0 0.41796875 0.24005681818181818 0.0640625 0.07386363636363637
0 0.2765625 0.4133522727272727 0.103125 0.12215909090909091
0 0.58671875 0.2585227272727273 0.1234375 0.15625
0 0.85 0.32386363636363635 0.15 0.21875
0 0.640625 0.34232954545454547 0.1046875 0.16761363636363635