0 0.17734375 0.5568181818181818 0.3546875 0.3522727272727273
0 0.7859375 0.890625 0.203125 0.21875
0 0.3734375 0.38636363636363635 0.2171875 0.16477272727272727
0 0.415625 0.8409090909090909 0.246875 0.3096590909090909
0 0.4890625 0.3096590909090909 0.0859375 0.05965909090909091
0 0.54609375 0.2840909090909091 0.0859375 0.03977272727272727
0 0.503125 0.2002840909090909 0.0640625 0.04261363636363636
0 0.3328125 0.2159090909090909 0.103125 0.07386363636363637
0 0.64296875 0.37357954545454547 0.121875 0.10227272727272728
0 0.85 0.6775568181818182 0.140625 0.1590909090909091
0 0.665625 0.49573863636363635 0.09375 0.13068181818181818