0 0.178125 0.5241477272727273 0.35625 0.3835227272727273
0 0.7734375 0.8991477272727273 0.20625 0.20170454545454544
0 0.37734375 0.37357954545454547 0.21875 0.1846590909090909
0 0.40625 0.8323863636363636 0.253125 0.32954545454545453
0 0.49453125 0.30823863636363635 0.0859375 0.06818181818181818
0 0.55234375 0.2883522727272727 0.0859375 0.048295454545454544
0 0.51171875 0.20170454545454544 0.0640625 0.048295454545454544
0 0.34140625 0.2002840909090909 0.103125 0.08238636363636363
0 0.64609375 0.3877840909090909 0.121875 0.11079545454545454
0 0.84453125 0.7102272727272727 0.14375 0.17045454545454544
0 0.66484375 0.5127840909090909 0.096875 0.13920454545454544