0 0.3671875 0.4005681818181818 0.2328125 0.21022727272727273
0 0.87578125 0.8196022727272727 0.190625 0.23295454545454544
0 0.4984375 0.3338068181818182 0.0796875 0.07670454545454546
0 0.8078125 0.9715909090909091 0.24375 0.056818181818181816
0 0.1640625 0.59375 0.328125 0.44886363636363635
0 0.396875 0.8835227272727273 0.271875 0.23295454545454544
0 0.5671875 0.31107954545454547 0.1015625 0.0625
0 0.66796875 0.5752840909090909 0.0984375 0.13352272727272727
0 0.46796875 0.24005681818181818 0.06875 0.05113636363636364
0 0.6578125 0.4247159090909091 0.1390625 0.13920454545454544
0 0.3375 0.203125 0.1046875 0.09943181818181818
0 0.621875 0.29545454545454547 0.078125 0.0625