0 0.35625 0.4943181818181818 0.23125 0.20454545454545456
0 0.909375 0.5539772727272727 0.18125 0.22727272727272727
0 0.46640625 0.34517045454545453 0.0796875 0.07386363636363637
0 0.88671875 0.8125 0.2265625 0.20454545454545456
0 0.19140625 0.7982954545454546 0.3546875 0.4034090909090909
0 0.48125 0.9048295454545454 0.271875 0.1903409090909091
0 0.52578125 0.27982954545454547 0.1015625 0.05965909090909091
0 0.671875 0.4602272727272727 0.096875 0.13068181818181818
0 0.41875 0.2784090909090909 0.06875 0.048295454545454544
0 0.63203125 0.32670454545454547 0.1390625 0.13636363636363635
0 0.28984375 0.32954545454545453 0.103125 0.09659090909090909
0 0.5734375 0.22869318181818182 0.078125 0.05965909090909091