0 0.3609375 0.4346590909090909 0.2265625 0.1590909090909091
0 0.89609375 0.7215909090909091 0.18125 0.19318181818181818
0 0.4859375 0.3352272727272727 0.078125 0.056818181818181816
0 0.846875 0.9446022727272727 0.2375 0.11079545454545454
0 0.1640625 0.6832386363636364 0.328125 0.3721590909090909
0 0.42890625 0.9105113636363636 0.2640625 0.17897727272727273
0 0.55234375 0.29545454545454547 0.1015625 0.036931818181818184
0 0.67265625 0.5326704545454546 0.0921875 0.11363636363636363
0 0.4484375 0.25 0.0671875 0.03409090909090909
0 0.65 0.3849431818181818 0.134375 0.10795454545454546
0 0.31640625 0.2471590909090909 0.1 0.07670454545454546
0 0.60546875 0.265625 0.0765625 0.045454545454545456