0 0.3515625 0.5980113636363636 0.2453125 0.3181818181818182
0 0.92421875 0.39204545454545453 0.1515625 0.24431818181818182
0 0.4890625 0.28551136363636365 0.0953125 0.09943181818181818
0 0.44453125 0.37926136363636365 0.084375 0.10795454545454546
0 0.68671875 0.4090909090909091 0.1078125 0.17897727272727273
0 0.240625 0.8494318181818182 0.36875 0.30113636363636365
0 0.2625 0.43892045454545453 0.1109375 0.14204545454545456
0 0.3859375 0.328125 0.06875 0.07954545454545454
0 0.60859375 0.27698863636363635 0.1421875 0.1903409090909091
0 0.53828125 0.21022727272727273 0.0765625 0.08806818181818182
0 0.41875 0.24147727272727273 0.0796875 0.09090909090909091