0 0.34375 0.5397727272727273 0.24375 0.2471590909090909
0 0.9265625 0.5596590909090909 0.146875 0.19886363636363635
0 0.5140625 0.28551136363636365 0.1 0.06818181818181818
0 0.459375 0.36079545454545453 0.084375 0.08238636363636363
0 0.69296875 0.4815340909090909 0.1015625 0.1534090909090909
0 0.18828125 0.8139204545454546 0.3390625 0.3721590909090909
0 0.275 0.3508522727272727 0.1109375 0.10795454545454546
0 0.40859375 0.2883522727272727 0.0703125 0.056818181818181816
0 0.63203125 0.32386363636363635 0.1390625 0.15056818181818182
0 0.5703125 0.23011363636363635 0.078125 0.0625
0 0.45 0.2159090909090909 0.08125 0.06534090909090909