0 0.36015625 0.3693181818181818 0.2453125 0.3039772727272727
0 0.8390625 0.9431818181818182 0.171875 0.11363636363636363
0 0.57890625 0.33948863636363635 0.096875 0.09375
0 0.51015625 0.34375 0.084375 0.10227272727272728
0 0.6640625 0.6860795454545454 0.10625 0.17329545454545456
0 0.1484375 0.5099431818181818 0.296875 0.6221590909090909
0 0.3625 0.14204545454545456 0.1109375 0.13352272727272727
0 0.49140625 0.2315340909090909 0.0703125 0.07386363636363637
0 0.66328125 0.4928977272727273 0.1421875 0.18181818181818182
0 0.64296875 0.3522727272727273 0.0765625 0.08238636363636363
0 0.5484375 0.2159090909090909 0.0796875 0.08522727272727272