0 0.83828125 0.9602272727272727 0.1640625 0.07954545454545454
0 0.5125 0.3508522727272727 0.0859375 0.10795454545454546
0 0.36015625 0.37073863636363635 0.271875 0.3409090909090909
0 0.13984375 0.49857954545454547 0.2796875 0.59375
0 0.58671875 0.3494318181818182 0.1 0.09659090909090909
0 0.6625 0.7130681818181818 0.11875 0.19318181818181818
0 0.54375 0.21875 0.0765625 0.08238636363636363
0 0.496875 0.2372159090909091 0.065625 0.07102272727272728
0 0.66953125 0.5213068181818182 0.159375 0.20738636363636365
0 0.64453125 0.3622159090909091 0.0859375 0.10227272727272728
0 0.3578125 0.13068181818181818 0.125 0.1534090909090909