0 0.86796875 0.9318181818181818 0.1609375 0.13636363636363635
0 0.50390625 0.3494318181818182 0.0859375 0.09375
0 0.353125 0.3977272727272727 0.2703125 0.30113636363636365
0 0.1375 0.5724431818181818 0.275 0.5596590909090909
0 0.578125 0.3338068181818182 0.103125 0.07670454545454546
0 0.67421875 0.6818181818181818 0.115625 0.17897727272727273
0 0.52734375 0.21164772727272727 0.078125 0.07102272727272728
0 0.48203125 0.24005681818181818 0.065625 0.05965909090909091
0 0.66953125 0.48863636363636365 0.1578125 0.1875
0 0.6359375 0.3352272727272727 0.0859375 0.08806818181818182
0 0.33671875 0.1590909090909091 0.125 0.13636363636363635