0 0.92578125 0.7713068181818182 0.1453125 0.1534090909090909
0 0.48046875 0.3536931818181818 0.08125 0.056818181818181816
0 0.34375 0.4744318181818182 0.25625 0.18181818181818182
0 0.13671875 0.765625 0.2734375 0.4403409090909091
0 0.54921875 0.30113636363636365 0.103125 0.028409090909090908
0 0.69453125 0.5866477272727273 0.0984375 0.13636363636363635
0 0.4828125 0.20880681818181818 0.0765625 0.03409090909090909
0 0.44296875 0.2585227272727273 0.0640625 0.028409090909090908
0 0.66171875 0.40482954545454547 0.146875 0.11931818181818182
0 0.60546875 0.2727272727272727 0.0828125 0.048295454545454544
0 0.29140625 0.25426136363636365 0.11875 0.07954545454545454