0 0.3421875 0.6349431818181818 0.2796875 0.35795454545454547
0 0.56171875 0.22301136363636365 0.0859375 0.09090909090909091
0 0.45546875 0.3934659090909091 0.09375 0.11931818181818182
0 0.509375 0.29545454545454547 0.1015625 0.09659090909090909
0 0.72734375 0.4815340909090909 0.1296875 0.2159090909090909
0 0.765625 0.34375 0.06875 0.07954545454545454
0 0.96171875 0.5355113636363636 0.0765625 0.2471590909090909
0 0.171875 0.9232954545454546 0.225 0.1534090909090909
0 0.62890625 0.30113636363636365 0.16875 0.20170454545454544
0 0.428125 0.24431818181818182 0.0875 0.09090909090909091
0 0.24921875 0.4275568181818182 0.140625 0.17329545454545456