0 0.32578125 0.5 0.2640625 0.23863636363636365
0 0.6203125 0.296875 0.0859375 0.048295454545454544
0 0.484375 0.3693181818181818 0.0890625 0.07670454545454546
0 0.55625 0.3224431818181818 0.103125 0.045454545454545456
0 0.7109375 0.6576704545454546 0.1125 0.17045454545454544
0 0.7765625 0.5625 0.065625 0.048295454545454544
0 0.9359375 0.9019886363636364 0.10625 0.19602272727272727
0 0.0796875 0.7627840909090909 0.159375 0.3835227272727273
0 0.66328125 0.4190340909090909 0.1609375 0.125
0 0.49375 0.21306818181818182 0.0859375 0.048295454545454544
0 0.2890625 0.24147727272727273 0.134375 0.10795454545454546