0 0.45625 0.375 0.0984375 0.07386363636363637
0 0.59375 0.5113636363636364 0.140625 0.09943181818181818
0 0.203125 0.7571022727272727 0.40625 0.41761363636363635
0 0.48203125 0.5880681818181818 0.146875 0.18181818181818182
0 0.24921875 0.3210227272727273 0.2015625 0.20454545454545456
0 0.68984375 0.4758522727272727 0.1375 0.12215909090909091
0 0.521875 0.3053977272727273 0.0984375 0.07954545454545454
0 0.484375 0.22017045454545456 0.0484375 0.03409090909090909
0 0.6828125 0.6363636363636364 0.046875 0.03977272727272727
0 0.76328125 0.8196022727272727 0.3140625 0.36079545454545453
0 0.39375 0.2571022727272727 0.0640625 0.07102272727272728