0 0.4578125 0.37357954545454547 0.0984375 0.07670454545454546
0 0.59375 0.5142045454545454 0.140625 0.10227272727272728
0 0.20234375 0.7471590909090909 0.4046875 0.4318181818181818
0 0.48125 0.5880681818181818 0.1484375 0.1875
0 0.25078125 0.31392045454545453 0.203125 0.21022727272727273
0 0.68984375 0.4815340909090909 0.1375 0.1278409090909091
0 0.5234375 0.3068181818181818 0.0984375 0.08238636363636363
0 0.48671875 0.22017045454545456 0.0484375 0.03409090909090909
0 0.68203125 0.6420454545454546 0.046875 0.03977272727272727
0 0.7609375 0.8210227272727273 0.315625 0.35795454545454547
0 0.39609375 0.2528409090909091 0.0640625 0.07386363636363637