0 0.44609375 0.38920454545454547 0.096875 0.048295454545454544
0 0.59296875 0.484375 0.1390625 0.05965909090909091
0 0.2125 0.84375 0.425 0.30113636363636365
0 0.48984375 0.5923295454545454 0.1375 0.14772727272727273
0 0.23671875 0.39488636363636365 0.19375 0.1534090909090909
0 0.6859375 0.421875 0.1328125 0.08806818181818182
0 0.5046875 0.3025568181818182 0.096875 0.05397727272727273
0 0.46015625 0.22869318181818182 0.0484375 0.019886363636363636
0 0.6921875 0.5823863636363636 0.046875 0.02556818181818182
0 0.7890625 0.75 0.29375 0.3039772727272727
0 0.37421875 0.2897727272727273 0.0609375 0.056818181818181816