0 0.58359375 0.4375 0.1390625 0.125
0 0.42421875 0.4474431818181818 0.0984375 0.09943181818181818
0 0.2890625 0.8991477272727273 0.409375 0.20170454545454544
0 0.178125 0.6463068181818182 0.0796875 0.10795454545454546
0 0.5109375 0.6107954545454546 0.15 0.20738636363636365
0 0.65625 0.3125 0.1421875 0.1590909090909091
0 0.33359375 0.40482954545454547 0.0796875 0.08522727272727272
0 0.24921875 0.5553977272727273 0.1375 0.16193181818181818
0 0.47734375 0.31107954545454547 0.1 0.09090909090909091
0 0.38515625 0.3224431818181818 0.0953125 0.09375
0 0.83125 0.5667613636363636 0.3375 0.4914772727272727