0 0.5890625 0.47301136363636365 0.1390625 0.07102272727272728
0 0.4328125 0.41761363636363635 0.096875 0.06534090909090909
0 0.22890625 0.8849431818181818 0.3984375 0.23011363636363635
0 0.16875 0.5113636363636364 0.075 0.08238636363636363
0 0.496875 0.6122159090909091 0.1390625 0.16193181818181818
0 0.675 0.3806818181818182 0.1390625 0.10795454545454546
0 0.35 0.33948863636363635 0.078125 0.056818181818181816
0 0.2484375 0.45170454545454547 0.1328125 0.11647727272727272
0 0.50078125 0.3068181818181818 0.1015625 0.05397727272727273
0 0.41015625 0.27982954545454547 0.0953125 0.05965909090909091
0 0.8171875 0.703125 0.315625 0.38920454545454547