0 0.58984375 0.4815340909090909 0.1390625 0.05965909090909091
0 0.43515625 0.41051136363636365 0.096875 0.056818181818181816
0 0.21796875 0.8806818181818182 0.3921875 0.23863636363636365
0 0.16875 0.48011363636363635 0.0734375 0.07386363636363637
0 0.49375 0.6107954545454546 0.1359375 0.15056818181818182
0 0.678125 0.3977272727272727 0.1375 0.09659090909090909
0 0.3546875 0.3252840909090909 0.0765625 0.048295454545454544
0 0.25 0.4275568181818182 0.1296875 0.10511363636363637
0 0.50625 0.3068181818181818 0.1 0.04261363636363636
0 0.41640625 0.2713068181818182 0.09375 0.05113636363636364
0 0.8109375 0.7329545454545454 0.3078125 0.36079545454545453