0 0.46015625 0.3778409090909091 0.1 0.08238636363636363
0 0.4953125 0.6178977272727273 0.1671875 0.20738636363636365
0 0.17890625 0.7784090909090909 0.3578125 0.3409090909090909
0 0.715625 0.4786931818181818 0.140625 0.11931818181818182
0 0.2578125 0.328125 0.1859375 0.19886363636363635
0 0.18046875 0.33238636363636365 0.0875 0.09659090909090909
0 0.61015625 0.5255681818181818 0.159375 0.11363636363636363
0 0.39140625 0.25142045454545453 0.0796875 0.07954545454545454
0 0.546875 0.30113636363636365 0.1046875 0.07670454545454546
0 0.46015625 0.22869318181818182 0.1015625 0.07102272727272728
0 0.52421875 0.3096590909090909 0.0890625 0.08238636363636363
0 0.79375 0.8153409090909091 0.35 0.3693181818181818