0 0.440625 0.40767045454545453 0.1 0.07386363636363637
0 0.51640625 0.6150568181818182 0.1640625 0.19318181818181818
0 0.246875 0.8991477272727273 0.35625 0.20170454545454544
0 0.7 0.3522727272727273 0.140625 0.10795454545454546
0 0.23984375 0.48011363636363635 0.184375 0.18181818181818182
0 0.16796875 0.53125 0.0859375 0.09090909090909091
0 0.60859375 0.4588068181818182 0.159375 0.09943181818181818
0 0.35234375 0.32954545454545453 0.0796875 0.07386363636363637
0 0.50859375 0.2840909090909091 0.1046875 0.06818181818181818
0 0.4140625 0.26704545454545453 0.1015625 0.0625
0 0.4890625 0.3053977272727273 0.0890625 0.07670454545454546
0 0.8359375 0.671875 0.328125 0.4460227272727273