0 0.46875 0.37073863636363635 0.1 0.09943181818181818
0 0.4875 0.6164772727272727 0.171875 0.23579545454545456
0 0.171875 0.7073863636363636 0.34375 0.4090909090909091
0 0.71484375 0.5269886363636364 0.1421875 0.14772727272727273
0 0.27109375 0.2755681818181818 0.190625 0.23011363636363635
0 0.19453125 0.2627840909090909 0.0890625 0.11079545454545454
0 0.6078125 0.5497159090909091 0.159375 0.14488636363636365
0 0.40859375 0.22869318181818182 0.08125 0.09659090909090909
0 0.56015625 0.3125 0.1046875 0.09659090909090909
0 0.47890625 0.2215909090909091 0.1 0.09090909090909091
0 0.53671875 0.31676136363636365 0.090625 0.09943181818181818
0 0.7671875 0.8323863636363636 0.365625 0.3352272727272727