0 0.171875 0.65625 0.34375 0.4659090909090909
0 0.49140625 0.609375 0.171875 0.2528409090909091
0 0.43046875 0.19744318181818182 0.071875 0.09090909090909091
0 0.609375 0.53125 0.1453125 0.13920454545454544
0 0.5703125 0.2911931818181818 0.1046875 0.11079545454545454
0 0.7234375 0.5326704545454546 0.1359375 0.16193181818181818
0 0.48046875 0.3465909090909091 0.1 0.11363636363636363
0 0.20546875 0.21306818181818182 0.0875 0.1278409090909091
0 0.69921875 0.7130681818181818 0.053125 0.05965909090909091
0 0.76484375 0.8508522727272727 0.3640625 0.29829545454545453
0 0.3015625 0.2159090909090909 0.1328125 0.15625