0 0.1703125 0.6349431818181818 0.340625 0.48579545454545453
0 0.48984375 0.6079545454545454 0.171875 0.26136363636363635
0 0.43671875 0.19318181818181818 0.071875 0.09659090909090909
0 0.60859375 0.5369318181818182 0.14375 0.14772727272727273
0 0.57421875 0.29545454545454547 0.1046875 0.11647727272727272
0 0.72265625 0.546875 0.1359375 0.17045454545454544
0 0.4828125 0.34517045454545453 0.1 0.11931818181818182
0 0.2109375 0.19460227272727273 0.0890625 0.13068181818181818
0 0.6953125 0.7258522727272727 0.053125 0.0625
0 0.75546875 0.8551136363636364 0.3671875 0.2897727272727273
0 0.30703125 0.20454545454545456 0.1328125 0.16193181818181818