0 0.22890625 0.8948863636363636 0.3859375 0.21022727272727273
0 0.52109375 0.6036931818181818 0.1578125 0.1903409090909091
0 0.3609375 0.29261363636363635 0.06875 0.0625
0 0.60390625 0.4346590909090909 0.1484375 0.07102272727272728
0 0.50859375 0.2556818181818182 0.1046875 0.06534090909090909
0 0.70625 0.3380681818181818 0.1328125 0.10511363636363637
0 0.44296875 0.3821022727272727 0.0984375 0.07102272727272728
0 0.165625 0.4971590909090909 0.08125 0.09659090909090909
0 0.73125 0.5184659090909091 0.053125 0.036931818181818184
0 0.846875 0.6974431818181818 0.30625 0.4346590909090909
0 0.2515625 0.4190340909090909 0.1296875 0.09943181818181818