0 0.165625 0.6732954545454546 0.33125 0.42613636363636365
0 0.73359375 0.5042613636363636 0.1390625 0.16477272727272727
0 0.4234375 0.17613636363636365 0.08125 0.10511363636363637
0 0.19765625 0.19460227272727273 0.0984375 0.13636363636363635
0 0.49375 0.6022727272727273 0.1796875 0.2727272727272727
0 0.49765625 0.17045454545454544 0.1109375 0.11079545454545454
0 0.48203125 0.32670454545454547 0.1015625 0.10795454545454546
0 0.6171875 0.515625 0.159375 0.14772727272727273
0 0.28671875 0.20880681818181818 0.171875 0.21875
0 0.57734375 0.26704545454545453 0.1078125 0.10795454545454546
0 0.76640625 0.8380681818181818 0.3734375 0.32386363636363635