0 0.29765625 0.9204545454545454 0.3640625 0.1590909090909091
0 0.678125 0.22585227272727273 0.1390625 0.16193181818181818
0 0.325 0.3465909090909091 0.0796875 0.10511363636363637
0 0.16171875 0.6306818181818182 0.0984375 0.13352272727272727
0 0.53203125 0.5852272727272727 0.178125 0.26988636363636365
0 0.3796875 0.25426136363636365 0.1109375 0.10795454545454546
0 0.4234375 0.390625 0.1015625 0.10511363636363637
0 0.59375 0.37073863636363635 0.159375 0.14204545454545456
0 0.234375 0.5340909090909091 0.171875 0.21306818181818182
0 0.47421875 0.2315340909090909 0.109375 0.10511363636363637
0 0.840625 0.5269886363636364 0.31875 0.5596590909090909