0 0.2 0.8721590909090909 0.346875 0.23863636363636365
0 0.72109375 0.3664772727272727 0.1328125 0.09375
0 0.36953125 0.23863636363636365 0.075 0.06818181818181818
0 0.159375 0.390625 0.0890625 0.09090909090909091
0 0.51171875 0.6008522727272727 0.15625 0.19318181818181818
0 0.4390625 0.1903409090909091 0.1109375 0.048295454545454544
0 0.4515625 0.3465909090909091 0.1 0.05113636363636364
0 0.6140625 0.4446022727272727 0.1625 0.05397727272727273
0 0.24609375 0.3508522727272727 0.1609375 0.13352272727272727
0 0.53203125 0.23295454545454544 0.1078125 0.048295454545454544
0 0.83515625 0.7769886363636364 0.3265625 0.4034090909090909