0 0.7140625 0.32670454545454547 0.140625 0.10227272727272728
0 0.5125 0.6207386363636364 0.1765625 0.21022727272727273
0 0.62265625 0.4431818181818182 0.1765625 0.08238636363636363
0 0.171875 0.9275568181818182 0.296875 0.14488636363636365
0 0.43359375 0.3522727272727273 0.1 0.05965909090909091
0 0.22890625 0.3721590909090909 0.140625 0.09375
0 0.50234375 0.23011363636363635 0.1234375 0.07386363636363637
0 0.4 0.1875 0.1078125 0.05397727272727273
0 0.34609375 0.25 0.0734375 0.05965909090909091
0 0.125 0.46448863636363635 0.084375 0.09943181818181818
0 0.8515625 0.7542613636363636 0.296875 0.45170454545454547