0 0.703125 0.2869318181818182 0.1453125 0.1278409090909091
0 0.51953125 0.6178977272727273 0.1859375 0.24147727272727273
0 0.61875 0.42045454545454547 0.1796875 0.11363636363636363
0 0.1984375 0.9431818181818182 0.303125 0.11363636363636363
0 0.42578125 0.3650568181818182 0.1015625 0.07670454545454546
0 0.22265625 0.4247159090909091 0.14375 0.11931818181818182
0 0.4875 0.2315340909090909 0.1265625 0.09375
0 0.3828125 0.20738636363636365 0.109375 0.07386363636363637
0 0.3328125 0.28125 0.075 0.07386363636363637
0 0.12578125 0.5355113636363636 0.0890625 0.11363636363636363
0 0.85234375 0.6832386363636364 0.2953125 0.5028409090909091