0 0.03125 0.3465909090909091 0.0625 0.10227272727272728
0 0.496875 0.23863636363636365 0.0609375 0.05965909090909091
0 0.3765625 0.5710227272727273 0.18125 0.21875
0 0.5546875 0.39488636363636365 0.14375 0.13920454545454544
0 0.7890625 0.8451704545454546 0.28125 0.3096590909090909
0 0.3453125 0.3096590909090909 0.0859375 0.09659090909090909
0 0.3515625 0.26136363636363635 0.0765625 0.08522727272727272
0 0.45390625 0.27698863636363635 0.0953125 0.08806818181818182
0 0.59140625 0.3025568181818182 0.053125 0.07102272727272728
0 0.68984375 0.3934659090909091 0.071875 0.08522727272727272
0 0.7625 0.4147727272727273 0.06875 0.09659090909090909