0 0.0421875 0.2585227272727273 0.0671875 0.10795454545454546
0 0.5125 0.24005681818181818 0.0609375 0.07102272727272728
0 0.37265625 0.546875 0.18125 0.24431818181818182
0 0.56015625 0.40625 0.1421875 0.16193181818181818
0 0.76640625 0.8622159090909091 0.2828125 0.2755681818181818
0 0.35703125 0.28125 0.0859375 0.11079545454545454
0 0.36640625 0.234375 0.0765625 0.09659090909090909
0 0.4671875 0.26988636363636365 0.09375 0.10511363636363637
0 0.60234375 0.3210227272727273 0.0546875 0.07670454545454546
0 0.6953125 0.4303977272727273 0.071875 0.09659090909090909
0 0.765625 0.46448863636363635 0.0703125 0.10511363636363637