0 0.5765625 0.2840909090909091 0.0671875 0.036931818181818184
0 0.5921875 0.3210227272727273 0.04375 0.03125
0 0.64921875 0.3338068181818182 0.046875 0.036931818181818184
0 0.3078125 0.41761363636363635 0.2359375 0.16477272727272727
0 0.55703125 0.40198863636363635 0.0859375 0.06818181818181818
0 0.596875 0.46448863636363635 0.08125 0.08806818181818182
0 0.49765625 0.7997159090909091 0.25625 0.2869318181818182
0 0.53125 0.16761363636363635 0.0578125 0.036931818181818184
0 0.50390625 0.20454545454545456 0.0765625 0.036931818181818184
0 0.5296875 0.25 0.071875 0.045454545454545456
0 0.3859375 0.28125 0.0515625 0.03125