0 0.571875 0.27982954545454547 0.0671875 0.04261363636363636
0 0.5890625 0.3153409090909091 0.04375 0.03409090909090909
0 0.64609375 0.3252840909090909 0.046875 0.03977272727272727
0 0.30625 0.4289772727272727 0.2375 0.17897727272727273
0 0.5546875 0.3977272727272727 0.0859375 0.07102272727272728
0 0.59609375 0.4588068181818182 0.0828125 0.09090909090909091
0 0.50390625 0.7997159090909091 0.259375 0.30113636363636365
0 0.525 0.16619318181818182 0.059375 0.03977272727272727
0 0.4984375 0.20454545454545456 0.0765625 0.04261363636363636
0 0.525 0.2471590909090909 0.071875 0.048295454545454544
0 0.38203125 0.2883522727272727 0.0515625 0.03409090909090909