0 0.58203125 0.29261363636363635 0.065625 0.03125
0 0.59765625 0.32954545454545453 0.04375 0.02556818181818182
0 0.65390625 0.34801136363636365 0.0453125 0.03409090909090909
0 0.31015625 0.3991477272727273 0.2328125 0.14488636363636365
0 0.559375 0.40767045454545453 0.084375 0.05965909090909091
0 0.59765625 0.4744318181818182 0.0796875 0.07954545454545454
0 0.4890625 0.7997159090909091 0.25 0.26420454545454547
0 0.540625 0.171875 0.0578125 0.03125
0 0.5125 0.2059659090909091 0.0765625 0.028409090909090908
0 0.53671875 0.2528409090909091 0.071875 0.036931818181818184
0 0.39296875 0.26988636363636365 0.05 0.02556818181818182