0 0.5703125 0.31107954545454547 0.06875 0.04261363636363636
0 0.5875 0.3536931818181818 0.0515625 0.03409090909090909
0 0.65078125 0.3693181818181818 0.0515625 0.056818181818181816
0 0.2625 0.4559659090909091 0.271875 0.21022727272727273
0 0.54609375 0.4602272727272727 0.109375 0.07954545454545454
0 0.57578125 0.5525568181818182 0.0859375 0.11363636363636363
0 0.39140625 0.9247159090909091 0.2546875 0.15056818181818182
0 0.53125 0.16477272727272727 0.071875 0.036931818181818184
0 0.503125 0.20454545454545456 0.08125 0.03977272727272727
0 0.53515625 0.2556818181818182 0.075 0.045454545454545456
0 0.36640625 0.2869318181818182 0.0609375 0.03977272727272727