0 0.61171875 0.3963068181818182 0.06875 0.07954545454545454
0 0.615625 0.44886363636363635 0.0515625 0.05965909090909091
0 0.6671875 0.5184659090909091 0.05625 0.07954545454545454
0 0.3046875 0.25142045454545453 0.2796875 0.3494318181818182
0 0.55078125 0.5056818181818182 0.1109375 0.13636363636363635
0 0.55234375 0.6136363636363636 0.096875 0.1534090909090909
0 0.28671875 0.7940340909090909 0.259375 0.3181818181818182
0 0.6171875 0.234375 0.0703125 0.07386363636363637
0 0.58125 0.24431818181818182 0.0796875 0.08522727272727272
0 0.59609375 0.31676136363636365 0.075 0.08806818181818182
0 0.440625 0.19602272727272727 0.0609375 0.07102272727272728