0 0.60390625 0.3721590909090909 0.06875 0.06818181818181818
0 0.6109375 0.42329545454545453 0.053125 0.05113636363636364
0 0.6671875 0.4815340909090909 0.0546875 0.07102272727272728
0 0.2890625 0.296875 0.2796875 0.30113636363636365
0 0.55078125 0.4943181818181818 0.1125 0.11647727272727272
0 0.559375 0.6008522727272727 0.09375 0.13920454545454544
0 0.3078125 0.8380681818181818 0.2609375 0.2727272727272727
0 0.5984375 0.21022727272727273 0.071875 0.05965909090909091
0 0.5640625 0.22727272727272727 0.08125 0.06818181818181818
0 0.5828125 0.296875 0.0765625 0.07386363636363637
0 0.4203125 0.21164772727272727 0.0625 0.0625