0 0.36899038461538464 0.40625 0.09615384615384616 0.0673076923076923
0 0.3737980769230769 0.3629807692307692 0.06490384615384616 0.04807692307692308
0 0.28725961538461536 0.5492788461538461 0.07451923076923077 0.052884615384615384
0 0.21995192307692307 0.6286057692307693 0.10336538461538461 0.07211538461538461
0 0.3329326923076923 0.7560096153846154 0.24759615384615385 0.20432692307692307
0 0.7860576923076923 0.78125 0.0673076923076923 0.06490384615384616
0 0.5673076923076923 0.7319711538461539 0.07211538461538461 0.06971153846153846
0 0.5576923076923077 0.4338942307692308 0.055288461538461536 0.038461538461538464
0 0.7920673076923077 0.4879807692307692 0.15144230769230768 0.08653846153846154
0 0.9086538461538461 0.5877403846153846 0.05048076923076923 0.038461538461538464
0 0.8533653846153846 0.59375 0.04807692307692308 0.036057692307692304
0 0.9146634615384616 0.7007211538461539 0.08173076923076923 0.05048076923076923
0 0.9098557692307693 0.6694711538461539 0.0625 0.038461538461538464
0 0.6370192307692307 0.6346153846153846 0.06971153846153846 0.04807692307692308
0 0.6706730769230769 0.6947115384615384 0.04567307692307692 0.038461538461538464
0 0.44591346153846156 0.9362980769230769 0.15144230769230768 0.12740384615384615