0 0.7956730769230769 0.4963942307692308 0.0625 0.055288461538461536
0 0.6274038461538461 0.3605769230769231 0.25240384615384615 0.08653846153846154
0 0.12139423076923077 0.6069711538461539 0.24278846153846154 0.3004807692307692
0 0.04326923076923077 0.8653846153846154 0.08653846153846154 0.21634615384615385
0 0.5396634615384616 0.8473557692307693 0.38461538461538464 0.2860576923076923
0 0.7475961538461539 0.7043269230769231 0.08173076923076923 0.07692307692307693
0 0.5216346153846154 0.5396634615384616 0.1346153846153846 0.08653846153846154
0 0.3798076923076923 0.6165865384615384 0.0625 0.04326923076923077
0 0.3425480769230769 0.4074519230769231 0.0625 0.04567307692307692
0 0.7055288461538461 0.4567307692307692 0.11538461538461539 0.07211538461538461
0 0.7163461538461539 0.5348557692307693 0.04807692307692308 0.036057692307692304
0 0.8293269230769231 0.6298076923076923 0.06009615384615385 0.06009615384615385
0 0.7848557692307693 0.7932692307692307 0.0625 0.0625
0 0.3918269230769231 0.3137019230769231 0.17067307692307693 0.052884615384615384