0 0.703125 0.7740384615384616 0.2956730769230769 0.25240384615384615
0 0.6466346153846154 0.46033653846153844 0.22115384615384615 0.13221153846153846
0 0.7247596153846154 0.33774038461538464 0.1875 0.08653846153846154
0 0.7235576923076923 0.2620192307692308 0.12740384615384615 0.06490384615384616
0 0.6418269230769231 0.24879807692307693 0.11057692307692307 0.055288461538461536
0 0.5913461538461539 0.23317307692307693 0.0985576923076923 0.04567307692307692
0 0.6478365384615384 0.18028846153846154 0.06971153846153846 0.038461538461538464
0 0.421875 0.4254807692307692 0.12980769230769232 0.07211538461538461
0 0.41586538461538464 0.38100961538461536 0.09375 0.057692307692307696
0 0.49759615384615385 0.3125 0.07692307692307693 0.04567307692307692
0 0.35336538461538464 0.3545673076923077 0.09615384615384616 0.05048076923076923
0 0.31009615384615385 0.40625 0.0673076923076923 0.04326923076923077
0 0.13822115384615385 0.8365384615384616 0.14182692307692307 0.12259615384615384