0 0.3112980769230769 0.6754807692307693 0.23076923076923078 0.17548076923076922
0 0.5600961538461539 0.6959134615384616 0.18990384615384615 0.16105769230769232
0 0.484375 0.8954326923076923 0.18028846153846154 0.19230769230769232
0 0.8701923076923077 0.8713942307692307 0.125 0.09134615384615384
0 0.19591346153846154 0.6009615384615384 0.09375 0.07932692307692307
0 0.10096153846153846 0.6033653846153846 0.0985576923076923 0.07451923076923077
0 0.35336538461538464 0.49158653846153844 0.14182692307692307 0.09134615384615384
0 0.24759615384615385 0.5228365384615384 0.08413461538461539 0.06009615384615385
0 0.22115384615384615 0.4879807692307692 0.05048076923076923 0.04326923076923077
0 0.7451923076923077 0.4254807692307692 0.09615384615384616 0.06009615384615385
0 0.9507211538461539 0.38461538461538464 0.0889423076923077 0.09134615384615384