0 0.5504807692307693 0.8377403846153846 0.30528846153846156 0.2668269230769231
0 0.6478365384615384 0.5348557692307693 0.22355769230769232 0.14423076923076922
0 0.7740384615384616 0.46274038461538464 0.1875 0.0985576923076923
0 0.8088942307692307 0.3942307692307692 0.12980769230769232 0.07211538461538461
0 0.7427884615384616 0.3449519230769231 0.11298076923076923 0.0625
0 0.7055288461538461 0.3076923076923077 0.0985576923076923 0.052884615384615384
0 0.7800480769230769 0.2860576923076923 0.06971153846153846 0.04326923076923077
0 0.46634615384615385 0.39663461538461536 0.12980769230769232 0.07932692307692307
0 0.48197115384615385 0.3557692307692308 0.09615384615384616 0.0625
0 0.5865384615384616 0.3329326923076923 0.07932692307692307 0.04807692307692308
0 0.4387019230769231 0.30288461538461536 0.09615384615384616 0.057692307692307696
0 0.37740384615384615 0.328125 0.0673076923076923 0.04567307692307692
0 0.046875 0.6274038461538461 0.09375 0.12980769230769232