0 0.49399038461538464 0.8149038461538461 0.25721153846153844 0.2283653846153846
0 0.5600961538461539 0.515625 0.1971153846153846 0.13221153846153846
0 0.6598557692307693 0.4362980769230769 0.15384615384615385 0.09375
0 0.6838942307692307 0.36778846153846156 0.10817307692307693 0.0625
0 0.5697115384615384 0.38461538461538464 0.1346153846153846 0.08413461538461539
0 0.41586538461538464 0.40384615384615385 0.10576923076923077 0.06490384615384616
0 0.4230769230769231 0.3629807692307692 0.0889423076923077 0.055288461538461536
0 0.5072115384615384 0.328125 0.055288461538461536 0.03365384615384615
0 0.6298076923076923 0.3269230769230769 0.07932692307692307 0.04326923076923077
0 0.6021634615384616 0.2956730769230769 0.08413461538461539 0.04326923076923077
0 0.057692307692307696 0.6586538461538461 0.11538461538461539 0.11057692307692307
0 0.6622596153846154 0.26802884615384615 0.057692307692307696 0.03365384615384615
0 0.390625 0.3173076923076923 0.08413461538461539 0.05048076923076923