0 0.3401442307692308 0.4891826923076923 0.13221153846153846 0.125
0 0.3954326923076923 0.4026442307692308 0.09375 0.0889423076923077
0 0.4807692307692308 0.4831730769230769 0.08173076923076923 0.07211538461538461
0 0.5733173076923077 0.5420673076923077 0.08413461538461539 0.07451923076923077
0 0.6213942307692307 0.41947115384615385 0.08653846153846154 0.08413461538461539
0 0.7415865384615384 0.47115384615384615 0.08413461538461539 0.09134615384615384
0 0.42427884615384615 0.65625 0.19471153846153846 0.1875
0 0.39783653846153844 0.8293269230769231 0.1466346153846154 0.16826923076923078
0 0.9555288461538461 0.2848557692307692 0.0889423076923077 0.1466346153846154
0 0.6105769230769231 0.21514423076923078 0.12259615384615384 0.09134615384615384
0 0.43149038461538464 0.24759615384615385 0.07932692307692307 0.06490384615384616
0 0.38221153846153844 0.15264423076923078 0.07932692307692307 0.07211538461538461
0 0.31009615384615385 0.18269230769230768 0.07211538461538461 0.06971153846153846
0 0.22355769230769232 0.1875 0.11298076923076923 0.09375
0 0.28846153846153844 0.29927884615384615 0.11778846153846154 0.10817307692307693
0 0.41225961538461536 0.28846153846153844 0.0673076923076923 0.06009615384615385
0 0.8221153846153846 0.34615384615384615 0.06971153846153846 0.06009615384615385