0 0.7872596153846154 0.5673076923076923 0.07211538461538461 0.0673076923076923
0 0.6574519230769231 0.3954326923076923 0.25961538461538464 0.14423076923076922
0 0.12860576923076922 0.5120192307692307 0.25721153846153844 0.34615384615384615
0 0.016826923076923076 0.7427884615384616 0.03365384615384615 0.23076923076923078
0 0.4543269230769231 0.8329326923076923 0.4326923076923077 0.33413461538461536
0 0.6911057692307693 0.7572115384615384 0.09615384615384616 0.09375
0 0.5120192307692307 0.5432692307692307 0.1466346153846154 0.11538461538461539
0 0.3545673076923077 0.5841346153846154 0.06971153846153846 0.055288461538461536
0 0.36899038461538464 0.37259615384615385 0.06971153846153846 0.06009615384615385
0 0.7091346153846154 0.5084134615384616 0.12740384615384615 0.09615384615384616
0 0.7019230769230769 0.5865384615384616 0.055288461538461536 0.04567307692307692
0 0.7884615384615384 0.7055288461538461 0.06971153846153846 0.06971153846153846
0 0.7055288461538461 0.8533653846153846 0.07451923076923077 0.07451923076923077
0 0.4411057692307692 0.2932692307692308 0.17548076923076922 0.09134615384615384