0 0.5432692307692307 0.8125 0.23317307692307693 0.19951923076923078
0 0.5612980769230769 0.5060096153846154 0.1875 0.10576923076923077
0 0.6478365384615384 0.41225961538461536 0.14903846153846154 0.07451923076923077
0 0.6610576923076923 0.34134615384615385 0.10576923076923077 0.04567307692307692
0 0.5504807692307693 0.375 0.12980769230769232 0.06490384615384616
0 0.4014423076923077 0.4182692307692308 0.10336538461538461 0.05048076923076923
0 0.4026442307692308 0.37740384615384615 0.08413461538461539 0.04326923076923077
0 0.4795673076923077 0.3293269230769231 0.052884615384615384 0.026442307692307692
0 0.6009615384615384 0.3076923076923077 0.07692307692307693 0.03125
0 0.5697115384615384 0.2824519230769231 0.08173076923076923 0.03125
0 0.0889423076923077 0.7259615384615384 0.10576923076923077 0.09615384615384616
0 0.625 0.24519230769230768 0.055288461538461536 0.026442307692307692
0 0.3629807692307692 0.33653846153846156 0.08173076923076923 0.038461538461538464