0 0.7608173076923077 0.3629807692307692 0.07692307692307693 0.07211538461538461
0 0.5504807692307693 0.3173076923076923 0.25721153846153844 0.16826923076923078
0 0.20793269230769232 0.7704326923076923 0.33413461538461536 0.3605769230769231
0 0.24759615384615385 0.9615384615384616 0.1778846153846154 0.07692307692307693
0 0.6935096153846154 0.7908653846153846 0.44711538461538464 0.3942307692307692
0 0.8125 0.5697115384615384 0.10096153846153846 0.0985576923076923
0 0.5372596153846154 0.5252403846153846 0.15144230769230768 0.12740384615384615
0 0.44591346153846156 0.6586538461538461 0.07211538461538461 0.06009615384615385
0 0.3173076923076923 0.4891826923076923 0.07211538461538461 0.06490384615384616
0 0.6634615384615384 0.36899038461538464 0.12980769230769232 0.10576923076923077
0 0.7091346153846154 0.4326923076923077 0.057692307692307696 0.05048076923076923
0 0.8521634615384616 0.46634615384615385 0.07451923076923077 0.07451923076923077
0 0.8858173076923077 0.6322115384615384 0.07932692307692307 0.07932692307692307
0 0.31971153846153844 0.38341346153846156 0.17307692307692307 0.10817307692307693