0 0.25 0.5625 0.22355769230769232 0.15384615384615385
0 0.4579326923076923 0.7007211538461539 0.18028846153846154 0.14423076923076922
0 0.29447115384615385 0.8377403846153846 0.1658653846153846 0.18028846153846154
0 0.6430288461538461 0.9807692307692307 0.12259615384615384 0.038461538461538464
0 0.18509615384615385 0.4411057692307692 0.0889423076923077 0.06971153846153846
0 0.10096153846153846 0.39663461538461536 0.09375 0.06490384615384616
0 0.3762019230769231 0.421875 0.13942307692307693 0.07692307692307693
0 0.26802884615384615 0.39783653846153844 0.08173076923076923 0.05048076923076923
0 0.2620192307692308 0.35336538461538464 0.05048076923076923 0.038461538461538464
0 0.75 0.5540865384615384 0.09375 0.05048076923076923
0 0.9507211538461539 0.6177884615384616 0.08173076923076923 0.08413461538461539