0 0.359375 0.4206730769230769 0.09375 0.06009615384615385
0 0.359375 0.37740384615384615 0.06490384615384616 0.04326923076923077
0 0.2932692307692308 0.5709134615384616 0.07211538461538461 0.04807692307692308
0 0.23557692307692307 0.6574519230769231 0.10096153846153846 0.06490384615384616
0 0.3605769230769231 0.7728365384615384 0.2403846153846154 0.1875
0 0.8137019230769231 0.75 0.06490384615384616 0.0625
0 0.5913461538461539 0.7235576923076923 0.0673076923076923 0.06490384615384616
0 0.5504807692307693 0.42788461538461536 0.055288461538461536 0.036057692307692304
0 0.7884615384615384 0.4579326923076923 0.15144230769230768 0.07451923076923077
0 0.9158653846153846 0.5444711538461539 0.04807692307692308 0.036057692307692304
0 0.8605769230769231 0.5564903846153846 0.04807692307692308 0.03365384615384615
0 0.9338942307692307 0.65625 0.08173076923076923 0.04326923076923077
0 0.9254807692307693 0.6262019230769231 0.0625 0.03365384615384615
0 0.6502403846153846 0.6189903846153846 0.06971153846153846 0.04326923076923077
0 0.6899038461538461 0.6754807692307693 0.04567307692307692 0.03365384615384615
0 0.49278846153846156 0.9399038461538461 0.14423076923076922 0.1201923076923077