0 0.2620192307692308 0.6009615384615384 0.2091346153846154 0.12259615384615384
0 0.4891826923076923 0.7043269230769231 0.1658653846153846 0.12259615384615384
0 0.34975961538461536 0.8665865384615384 0.14423076923076922 0.16105769230769232
0 0.71875 0.9711538461538461 0.11538461538461539 0.057692307692307696
0 0.17908653846153846 0.49038461538461536 0.08173076923076923 0.06009615384615385
0 0.09014423076923077 0.46033653846153844 0.0889423076923077 0.052884615384615384
0 0.36538461538461536 0.4423076923076923 0.13221153846153846 0.057692307692307696
0 0.2548076923076923 0.43509615384615385 0.07932692307692307 0.040865384615384616
0 0.24158653846153846 0.39302884615384615 0.04567307692307692 0.03125
0 0.7560096153846154 0.5132211538461539 0.0889423076923077 0.036057692307692304
0 0.9627403846153846 0.5456730769230769 0.07211538461538461 0.07451923076923077