0 0.38822115384615385 0.7019230769230769 0.23557692307692307 0.13942307692307693
0 0.5997596153846154 0.8665865384615384 0.1466346153846154 0.13942307692307693
0 0.5516826923076923 0.6478365384615384 0.125 0.08173076923076923
0 0.5324519230769231 0.5745192307692307 0.0985576923076923 0.06490384615384616
0 0.41346153846153844 0.5973557692307693 0.10096153846153846 0.06490384615384616
0 0.4170673076923077 0.49399038461538464 0.0889423076923077 0.04567307692307692
0 0.6189903846153846 0.49759615384615385 0.1658653846153846 0.06490384615384616
0 0.71875 0.5516826923076923 0.10336538461538461 0.055288461538461536
0 0.5372596153846154 0.4387019230769231 0.09134615384615384 0.040865384615384616
0 0.07091346153846154 0.5877403846153846 0.14182692307692307 0.11298076923076923
0 0.12139423076923077 0.5228365384615384 0.10576923076923077 0.057692307692307696
0 0.17668269230769232 0.4891826923076923 0.1201923076923077 0.0673076923076923
0 0.2536057692307692 0.42908653846153844 0.06971153846153846 0.03365384615384615
0 0.3233173076923077 0.40625 0.07211538461538461 0.03365384615384615
0 0.28725961538461536 0.359375 0.11057692307692307 0.04567307692307692
0 0.421875 0.33533653846153844 0.10576923076923077 0.04326923076923077
0 0.3762019230769231 0.35216346153846156 0.0673076923076923 0.03125
0 0.5300480769230769 0.390625 0.06009615384615385 0.028846153846153848