0 0.5865384615384616 0.8028846153846154 0.23317307692307693 0.19951923076923078
0 0.5612980769230769 0.4963942307692308 0.1875 0.10576923076923077
0 0.6346153846153846 0.3918269230769231 0.14903846153846154 0.07451923076923077
0 0.6370192307692307 0.31971153846153844 0.10576923076923077 0.04567307692307692
0 0.5324519230769231 0.36899038461538464 0.12980769230769232 0.06490384615384616
0 0.390625 0.4326923076923077 0.10336538461538461 0.05048076923076923
0 0.3858173076923077 0.3918269230769231 0.08413461538461539 0.04326923076923077
0 0.4567307692307692 0.33413461538461536 0.052884615384615384 0.026442307692307692
0 0.5733173076923077 0.2956730769230769 0.07692307692307693 0.03125
0 0.5384615384615384 0.27403846153846156 0.08173076923076923 0.03125
0 0.12379807692307693 0.78125 0.10576923076923077 0.09615384615384616
0 0.5877403846153846 0.23076923076923078 0.055288461538461536 0.026442307692307692
0 0.34134615384615385 0.35697115384615385 0.08173076923076923 0.038461538461538464