0 0.3401442307692308 0.5120192307692307 0.12259615384615384 0.11298076923076923
0 0.38221153846153844 0.4182692307692308 0.0889423076923077 0.08173076923076923
0 0.4795673076923077 0.4855769230769231 0.07692307692307693 0.06490384615384616
0 0.578125 0.53125 0.07932692307692307 0.0673076923076923
0 0.609375 0.40384615384615385 0.07932692307692307 0.07692307692307693
0 0.7355769230769231 0.4375 0.07692307692307693 0.08413461538461539
0 0.44591346153846156 0.6646634615384616 0.18269230769230768 0.17307692307692307
0 0.44471153846153844 0.8401442307692307 0.13221153846153846 0.15865384615384615
0 0.9399038461538461 0.21514423076923078 0.1201923076923077 0.12740384615384615
0 0.5697115384615384 0.20192307692307693 0.11778846153846154 0.07692307692307693
0 0.39663461538461536 0.25961538461538464 0.07692307692307693 0.057692307692307696
0 0.33533653846153844 0.171875 0.07451923076923077 0.06490384615384616
0 0.26802884615384615 0.2127403846153846 0.0673076923076923 0.0625
0 0.18269230769230768 0.22956730769230768 0.10817307692307693 0.08173076923076923
0 0.26322115384615385 0.33052884615384615 0.11057692307692307 0.0985576923076923
0 0.38341346153846156 0.30288461538461536 0.0625 0.052884615384615384
0 0.7980769230769231 0.30288461538461536 0.0673076923076923 0.055288461538461536