0 0.4098557692307692 0.7127403846153846 0.2283653846153846 0.11778846153846154
0 0.6382211538461539 0.8533653846153846 0.13701923076923078 0.12740384615384615
0 0.5673076923076923 0.6418269230769231 0.11778846153846154 0.06971153846153846
0 0.5396634615384616 0.5709134615384616 0.09615384615384616 0.055288461538461536
0 0.42427884615384615 0.6057692307692307 0.0985576923076923 0.055288461538461536
0 0.4170673076923077 0.5024038461538461 0.08653846153846154 0.038461538461538464
0 0.6177884615384616 0.4855769230769231 0.16346153846153846 0.04807692307692308
0 0.7223557692307693 0.5288461538461539 0.0985576923076923 0.04567307692307692
0 0.5300480769230769 0.43509615384615385 0.0889423076923077 0.03125
0 0.07572115384615384 0.6346153846153846 0.15144230769230768 0.09615384615384616
0 0.125 0.5625 0.10096153846153846 0.04807692307692308
0 0.1778846153846154 0.5228365384615384 0.11538461538461539 0.055288461538461536
0 0.24759615384615385 0.4543269230769231 0.0673076923076923 0.026442307692307692
0 0.31490384615384615 0.42427884615384615 0.06971153846153846 0.026442307692307692
0 0.27283653846153844 0.38221153846153844 0.10817307692307693 0.036057692307692304
0 0.4050480769230769 0.3449519230769231 0.10336538461538461 0.03125
0 0.36177884615384615 0.36538461538461536 0.06490384615384616 0.02403846153846154
0 0.5180288461538461 0.38822115384615385 0.057692307692307696 0.02403846153846154