0 0.33653846153846156 0.6634615384615384 0.24759615384615385 0.18990384615384615
0 0.4951923076923077 0.8798076923076923 0.16826923076923078 0.16346153846153846
0 0.5096153846153846 0.65625 0.13221153846153846 0.10576923076923077
0 0.5108173076923077 0.5805288461538461 0.10576923076923077 0.08413461538461539
0 0.390625 0.5697115384615384 0.10817307692307693 0.08653846153846154
0 0.421875 0.47115384615384615 0.09134615384615384 0.0673076923076923
0 0.6153846153846154 0.5300480769230769 0.16346153846153846 0.10336538461538461
0 0.6959134615384616 0.6105769230769231 0.10576923076923077 0.07692307692307693
0 0.5528846153846154 0.4519230769230769 0.09134615384615384 0.06009615384615385
0 0.07091346153846154 0.46274038461538464 0.14182692307692307 0.1466346153846154
0 0.12980769230769232 0.4170673076923077 0.10817307692307693 0.08173076923076923
0 0.19230769230769232 0.40024038461538464 0.12259615384615384 0.09375
0 0.2824519230769231 0.3629807692307692 0.06971153846153846 0.04807692307692308
0 0.35697115384615385 0.3605769230769231 0.07211538461538461 0.05048076923076923
0 0.33413461538461536 0.30649038461538464 0.11057692307692307 0.07211538461538461
0 0.4699519230769231 0.32091346153846156 0.10336538461538461 0.0673076923076923
0 0.421875 0.3233173076923077 0.0673076923076923 0.04567307692307692
0 0.5588942307692307 0.4026442307692308 0.06009615384615385 0.04326923076923077