0 0.3473557692307692 0.4495192307692308 0.0889423076923077 0.04567307692307692
0 0.3389423076923077 0.40625 0.0625 0.03125
0 0.3112980769230769 0.609375 0.0673076923076923 0.036057692307692304
0 0.2704326923076923 0.7055288461538461 0.09615384615384616 0.04807692307692308
0 0.41466346153846156 0.7944711538461539 0.22115384615384615 0.15144230769230768
0 0.8557692307692307 0.6850961538461539 0.055288461538461536 0.052884615384615384
0 0.6322115384615384 0.7019230769230769 0.06009615384615385 0.057692307692307696
0 0.5360576923076923 0.41947115384615385 0.052884615384615384 0.026442307692307692
0 0.7752403846153846 0.4026442307692308 0.14903846153846154 0.04807692307692308
0 0.9170673076923077 0.4651442307692308 0.04567307692307692 0.028846153846153848
0 0.8653846153846154 0.48677884615384615 0.04567307692307692 0.026442307692307692
0 0.9555288461538461 0.5709134615384616 0.07932692307692307 0.03125
0 0.9411057692307693 0.5420673076923077 0.06009615384615385 0.021634615384615384
0 0.6706730769230769 0.5889423076923077 0.06490384615384616 0.03125
0 0.7199519230769231 0.6370192307692307 0.040865384615384616 0.028846153846153848
0 0.5793269230769231 0.9411057692307693 0.125 0.11778846153846154