0 0.36177884615384615 0.5805288461538461 0.125 0.11538461538461539
0 0.3581730769230769 0.47716346153846156 0.09134615384615384 0.08173076923076923
0 0.47475961538461536 0.4963942307692308 0.07932692307692307 0.0673076923076923
0 0.5841346153846154 0.49399038461538464 0.08173076923076923 0.0673076923076923
0 0.5564903846153846 0.36538461538461536 0.08173076923076923 0.07932692307692307
0 0.6838942307692307 0.34134615384615385 0.07932692307692307 0.08653846153846154
0 0.5240384615384616 0.671875 0.18509615384615385 0.17548076923076922
0 0.5997596153846154 0.8293269230769231 0.13701923076923078 0.16105769230769232
0 0.7980769230769231 0.051682692307692304 0.18269230769230768 0.10336538461538461
0 0.4326923076923077 0.20192307692307693 0.1201923076923077 0.08173076923076923
0 0.3016826923076923 0.3293269230769231 0.07692307692307693 0.057692307692307696
0 0.20793269230769232 0.2776442307692308 0.07692307692307693 0.0673076923076923
0 0.1658653846153846 0.3425480769230769 0.0673076923076923 0.06490384615384616
0 0.09615384615384616 0.3954326923076923 0.11057692307692307 0.08653846153846154
0 0.2127403846153846 0.4519230769230769 0.11298076923076923 0.10096153846153846
0 0.3088942307692308 0.3737980769230769 0.06490384615384616 0.055288461538461536
0 0.6814903846153846 0.19230769230769232 0.0673076923076923 0.055288461538461536