0 0.7355769230769231 0.7475961538461539 0.3125 0.2764423076923077
0 0.640625 0.44350961538461536 0.22596153846153846 0.15384615384615385
0 0.703125 0.3112980769230769 0.1875 0.10576923076923077
0 0.6923076923076923 0.23557692307692307 0.12980769230769232 0.07692307692307693
0 0.609375 0.23317307692307693 0.11298076923076923 0.0673076923076923
0 0.5576923076923077 0.2247596153846154 0.0985576923076923 0.055288461538461536
0 0.6069711538461539 0.16466346153846154 0.07211538461538461 0.04567307692307692
0 0.41346153846153844 0.43509615384615385 0.13221153846153846 0.08413461538461539
0 0.4026442307692308 0.3918269230769231 0.09615384615384616 0.06490384615384616
0 0.47475961538461536 0.3137019230769231 0.07932692307692307 0.052884615384615384
0 0.33653846153846156 0.3737980769230769 0.09615384615384616 0.06009615384615385
0 0.3004807692307692 0.42908653846153844 0.06971153846153846 0.04807692307692308
0 0.1814903846153846 0.8786057692307693 0.14903846153846154 0.1346153846153846